9.859965000000000535e-01
9.859931499999999849e-01
9.859660999999999564e-01
9.858758399999999478e-01
9.856496000000000146e-01
9.852125600000000150e-01
9.845985000000000431e-01
9.838369999999999616e-01
9.830258499999999788e-01
9.822558000000000122e-01
9.815314000000000538e-01
9.808040999999999565e-01
9.799756400000000367e-01
9.789430999999999550e-01
9.775221299999999891e-01
9.755116700000000529e-01
9.728105700000000411e-01
9.692366999999999511e-01
9.646528399999999559e-01
9.589064000000000476e-01
9.518238300000000374e-01
9.432359999999999634e-01
9.330294000000000088e-01
9.211481000000000252e-01
9.077136500000000385e-01
8.934615999999999669e-01
8.801149000000000333e-01
8.707677000000000334e-01
8.686501399999999595e-01
8.751933600000000313e-01
8.895243999999999929e-01
9.088749000000000411e-01
9.299186999999999870e-01
9.493703999999999477e-01
9.647838499999999984e-01
9.751661000000000357e-01
9.807876300000000214e-01
9.826693499999999970e-01
9.820318999999999576e-01
9.799164999999999681e-01
9.770623400000000291e-01
9.739767299999999572e-01
9.711093299999999928e-01
9.689963000000000326e-01
9.681638500000000480e-01
9.687654999999999461e-01
9.704134500000000108e-01
9.725593000000000155e-01
9.750337000000000032e-01
9.779681599999999753e-01
9.813399299999999714e-01
9.849710999999999883e-01
9.883906000000000081e-01
9.912098999999999771e-01
9.932710999999999624e-01
9.946452999999999545e-01
9.954855400000000021e-01
9.959261000000000363e-01
9.958401999999999532e-01
9.948696999999999679e-01
9.913351000000000246e-01
9.830166999999999655e-01
9.675915999999999961e-01
9.473905599999999927e-01
9.248836000000000279e-01
9.065271999999999775e-01
8.962182400000000548e-01
8.996866000000000030e-01
9.086852699999999894e-01
9.254172000000000509e-01
9.441855999999999582e-01
9.610229000000000132e-01
9.738244999999999818e-01
9.817050699999999575e-01
9.858428000000000191e-01
9.871604400000000279e-01
9.865429000000000004e-01
9.850693000000000366e-01
9.832784500000000261e-01
9.814228000000000396e-01
9.797215500000000521e-01
9.782901400000000303e-01
9.772191999999999545e-01
9.765656999999999810e-01
9.764239999999999586e-01
9.767236999999999725e-01
9.776923699999999773e-01
9.800881999999999650e-01
9.828369599999999817e-01
9.865329000000000459e-01
9.898613000000000550e-01
9.931562000000000445e-01
9.957762399999999792e-01
9.974828000000000028e-01
9.985688999999999815e-01
9.991978999999999722e-01
9.993456600000000245e-01
9.985271700000000195e-01
9.953795699999999913e-01
9.873861999999999917e-01
9.720083499999999654e-01
9.502480599999999500e-01
9.287638000000000282e-01
9.155223399999999900e-01
9.142730000000000024e-01
9.232342000000000048e-01
9.382587000000000010e-01
9.548805999999999683e-01
9.695373000000000463e-01
9.801839599999999653e-01
9.863332500000000502e-01
9.887892600000000032e-01
9.889626500000000542e-01
9.881699699999999531e-01
9.872345000000000148e-01
9.864449499999999871e-01
9.857031000000000542e-01
9.847645999999999900e-01
9.836344000000000198e-01
9.828654500000000294e-01
9.832651999999999504e-01
9.852281000000000510e-01
9.884462400000000315e-01
9.921050000000000146e-01
9.952883999999999620e-01
9.973942999999999559e-01
9.982792000000000332e-01
9.980514000000000330e-01
9.967226999999999615e-01
9.938650999999999458e-01
9.883333399999999491e-01
9.782794999999999686e-01
9.617695000000000549e-01
9.385438999999999865e-01
9.123254400000000430e-01
8.907538699999999476e-01
8.806624400000000463e-01
8.841339299999999568e-01
8.987365999999999966e-01
9.198452999999999768e-01
9.426485300000000400e-01
9.626286600000000249e-01
9.773813999999999558e-01
9.861763999999999530e-01
9.898957999999999924e-01
9.902507000000000392e-01
9.889177000000000106e-01
9.870236000000000010e-01
9.851317000000000546e-01
9.834735999999999478e-01
9.820663299999999873e-01
9.807584999999999775e-01
9.794869999999999965e-01
9.786639999999999784e-01
9.785258000000000012e-01
9.802246700000000201e-01
9.835316499999999795e-01
9.877233499999999999e-01
9.919137399999999882e-01
9.953438599999999692e-01
9.976665000000000116e-01
9.988929600000000519e-01
9.991404400000000185e-01
9.983514999999999473e-01
9.959519000000000011e-01
9.904336999999999724e-01
9.793712999999999447e-01
9.610857000000000427e-01
9.375402000000000458e-01
9.159062000000000037e-01
9.038587999999999623e-01
9.044607999999999537e-01
9.158212000000000019e-01
9.332911400000000191e-01
9.520056000000000074e-01
9.682068999999999814e-01
9.797698000000000240e-01
9.862530999999999937e-01
9.885108500000000520e-01
9.882509999999999906e-01
9.867166000000000547e-01
9.845612999999999726e-01
9.822985499999999925e-01
9.800530699999999706e-01
9.779138600000000237e-01
9.760552999999999590e-01
9.747820000000000373e-01
9.745443000000000300e-01
9.757656500000000399e-01
9.785504999999999898e-01
9.825187300000000068e-01
9.869672000000000445e-01
9.911061500000000191e-01
9.944032400000000216e-01
9.966707999999999679e-01
9.979346999999999523e-01
9.981965400000000210e-01
9.971729499999999469e-01
9.939597000000000016e-01
9.867062599999999462e-01
9.731733999999999662e-01
9.533032000000000172e-01
9.320608400000000016e-01
9.175484999999999891e-01
9.149676599999999604e-01
9.239899999999999780e-01
9.406202000000000174e-01
9.590314599999999468e-01
9.749756000000000533e-01
9.859569000000000250e-01
9.916190000000000282e-01
9.930611999999999773e-01
9.919179700000000377e-01
9.896141000000000520e-01
9.870248000000000355e-01
9.845293999999999990e-01
9.822868000000000155e-01
9.804372999999999561e-01
9.791359299999999877e-01
9.786714300000000089e-01
9.795230999999999799e-01
9.819580300000000372e-01
9.856439999999999646e-01
9.896970000000000489e-01
9.933937000000000461e-01
9.962519399999999470e-01
9.981423600000000063e-01
9.991731000000000362e-01
9.994798999999999767e-01
9.990167599999999481e-01
9.973416999999999977e-01
9.941777600000000215e-01
9.873340000000000449e-01
9.747518299999999858e-01
9.553605299999999856e-01
9.317964300000000089e-01
9.108777999999999597e-01
8.999622999999999928e-01
9.022561300000000450e-01
9.157617000000000118e-01
9.351371499999999726e-01
9.551626399999999517e-01
9.715846999999999678e-01
9.825901999999999692e-01
9.881212999999999802e-01
9.894266000000000449e-01
9.882541000000000242e-01
9.861463299999999599e-01
9.840917000000000137e-01
9.825298999999999561e-01
9.814975999999999701e-01
9.808050400000000169e-01
9.803205999999999865e-01
9.802792999999999646e-01
9.812166700000000130e-01
9.833047999999999789e-01
9.864107399999999526e-01
9.900136999999999965e-01
9.935514300000000132e-01
9.964420000000000499e-01
9.983700500000000089e-01
9.993353000000000375e-01
9.994415599999999511e-01
9.985437000000000340e-01
9.958278999999999881e-01
9.894338000000000299e-01
9.770415999999999546e-01
9.582720999999999600e-01
9.375868000000000535e-01
9.230469000000000035e-01
9.201831999999999789e-01
9.287132000000000165e-01
9.443232999999999766e-01
9.610617000000000187e-01
9.751572600000000257e-01
9.847426999999999708e-01
9.897213000000000260e-01
9.911003999999999925e-01
9.902701400000000209e-01
9.884574000000000416e-01
9.864908500000000302e-01
9.848599399999999893e-01
9.838599999999999568e-01
9.835439299999999552e-01
9.836694999999999744e-01
9.839723000000000219e-01
9.845990000000000020e-01
9.860297999999999563e-01
9.884720000000000173e-01
9.915454999999999686e-01
9.945517000000000385e-01
9.969362000000000501e-01
9.984870000000000134e-01
9.992566000000000503e-01
9.993554399999999838e-01
9.987436499999999828e-01
9.970584999999999587e-01
9.934040299999999934e-01
9.860880400000000545e-01
9.730117299999999636e-01
9.537931699999999680e-01
9.323981999999999548e-01
9.159258000000000122e-01
9.124712299999999665e-01
9.166296999999999917e-01
9.295472999999999653e-01
9.472316499999999806e-01
9.651157999999999682e-01
9.792016999999999527e-01
9.879715000000000025e-01
9.918439399999999795e-01
9.924370000000000136e-01
9.915150400000000142e-01
9.903170000000000028e-01
9.893868999999999581e-01
9.887544999999999806e-01
9.882371399999999584e-01
9.876675599999999999e-01
9.871264699999999781e-01
9.870698999999999446e-01
9.880276999999999532e-01
9.900607500000000449e-01
9.926779000000000019e-01
9.952453399999999784e-01
9.973239999999999883e-01
9.987318499999999766e-01
9.994753600000000349e-01
9.996283999999999725e-01
9.989708699999999553e-01
9.972056999999999727e-01
9.932851999999999792e-01
9.853766600000000153e-01
9.713549599999999895e-01
9.514696599999999949e-01
9.303996599999999617e-01
9.160783999999999594e-01
9.138692600000000166e-01
9.232285999999999548e-01
9.396685000000000176e-01
9.578110600000000474e-01
9.734800999999999593e-01
9.844901000000000346e-01
9.904834000000000138e-01
9.923191000000000095e-01
9.914914999999999701e-01
9.894901499999999572e-01
9.873724999999999863e-01
9.856399000000000132e-01
9.844055000000000444e-01
9.836138500000000118e-01
9.831054999999999655e-01
9.827603700000000497e-01
9.827806000000000042e-01
9.836516400000000493e-01
9.856745000000000090e-01
9.886279000000000039e-01
9.919211000000000000e-01
9.948907999999999641e-01
9.971567399999999859e-01
9.985330999999999513e-01
9.990554999999999852e-01
9.986979400000000062e-01
9.970344300000000271e-01
9.927241999999999456e-01
9.834921399999999592e-01
9.675968999999999820e-01
9.471089999999999787e-01
9.289598500000000314e-01
9.202480299999999946e-01
9.232650999999999497e-01
9.355987999999999527e-01
9.525578000000000101e-01
9.694924400000000109e-01
9.828025999999999707e-01
9.911173599999999473e-01
9.946622000000000519e-01
9.947251999999999761e-01
9.928844999999999477e-01
9.904857999999999718e-01
9.881651999999999658e-01
9.863221599999999478e-01
9.850510000000000099e-01
9.843080600000000402e-01
9.838044000000000233e-01
9.837067999999999923e-01
9.839191400000000254e-01
9.847042000000000295e-01
9.864184000000000285e-01
9.890396999999999661e-01
9.919938000000000367e-01
9.947274000000000393e-01
9.968542999999999710e-01
9.982558499999999446e-01
9.990002999999999522e-01
9.991510999999999587e-01
9.985477000000000380e-01
9.965939499999999507e-01
9.919767400000000235e-01
9.824722000000000177e-01
9.658288000000000428e-01
9.428841500000000320e-01
9.201241000000000003e-01
9.062820700000000507e-01
9.058513599999999943e-01
9.174118599999999679e-01
9.359667000000000403e-01
9.559904999999999653e-01
9.732330000000000148e-01
9.851184499999999788e-01
9.912322999999999551e-01
9.928149600000000241e-01
9.917819500000000232e-01
9.898363399999999812e-01
9.880202999999999625e-01
9.867137000000000269e-01
9.859059000000000017e-01
9.854100300000000479e-01
9.850156300000000309e-01
9.846597999999999740e-01
9.846226000000000145e-01
9.854530700000000421e-01
9.874867000000000505e-01
9.904471599999999931e-01
9.935983999999999927e-01
9.962735999999999814e-01
9.981761000000000106e-01
9.993008399999999680e-01
9.997490599999999672e-01
9.995684000000000236e-01
9.986213400000000240e-01
9.963901600000000247e-01
9.916209000000000273e-01
9.821678400000000142e-01
9.664230299999999607e-01
9.454233600000000459e-01
9.251758500000000218e-01
9.128030499999999492e-01
9.121618000000000226e-01
9.216999000000000164e-01
9.377771599999999985e-01
9.557435499999999973e-01
9.717358000000000384e-01
9.833767399999999714e-01
9.900584999999999525e-01
9.925434600000000440e-01
9.923235000000000250e-01
9.908388999999999669e-01
9.890441300000000213e-01
9.873741999999999797e-01
9.859435600000000521e-01
9.847725999999999980e-01
9.838925600000000271e-01
9.835323000000000260e-01
9.842001999999999695e-01
9.862741999999999898e-01
9.894751999999999992e-01
9.930155999999999983e-01
9.961221000000000103e-01
9.983269999999999644e-01
9.995494000000000323e-01
9.999552999999999914e-01
9.997473000000000054e-01
9.989306000000000019e-01
9.970110699999999992e-01
9.925574000000000341e-01
9.832632500000000331e-01
9.677447999999999606e-01
9.486726500000000062e-01
9.327465000000000339e-01
9.259224499999999525e-01
9.297877599999999632e-01
9.419210000000000083e-01
9.579220999999999986e-01
9.733370500000000369e-01
9.850945500000000132e-01
9.919972400000000023e-01
9.945616999999999930e-01
9.942544700000000013e-01
9.926038000000000361e-01
9.907038999999999707e-01
9.889921000000000406e-01
9.875108000000000219e-01
9.861469000000000484e-01
9.848383699999999630e-01
9.837202000000000446e-01
9.829966399999999771e-01
9.836181999999999981e-01
9.859027000000000207e-01
9.894033700000000042e-01
9.931330699999999512e-01
9.962299999999999489e-01
9.982987599999999517e-01
9.993130599999999752e-01
9.993979299999999899e-01
9.986564999999999470e-01
9.969947300000000512e-01
9.938221999999999889e-01
9.876271500000000092e-01
9.760067999999999522e-01
9.571336000000000288e-01
9.329159000000000201e-01
9.107700600000000479e-01
8.994128999999999596e-01
9.026089000000000473e-01
9.179635000000000433e-01
9.394784999999999942e-01
9.609017399999999487e-01
9.779042599999999696e-01
9.886890999999999874e-01
9.936725499999999878e-01
9.945403299999999724e-01
9.932537999999999645e-01
9.913288399999999889e-01
9.895540499999999628e-01
9.882495000000000029e-01
9.874041000000000068e-01
9.868926999999999561e-01
9.865352499999999747e-01
9.861750599999999922e-01
9.859014999999999862e-01
9.861780999999999464e-01
9.875172399999999628e-01
9.899506999999999612e-01
9.929303999999999908e-01
9.957258700000000129e-01
9.978441000000000116e-01
9.991345400000000154e-01
9.996566999999999537e-01
9.994619000000000142e-01
9.980653999999999915e-01
9.952552300000000463e-01
9.891792999999999836e-01
9.776135000000000241e-01
9.591931999999999681e-01
9.371814000000000533e-01
9.195624599999999704e-01
9.133569599999999955e-01
9.198922000000000487e-01
9.352903999999999662e-01
9.539237999999999884e-01
9.710900000000000087e-01
9.840290000000000425e-01
9.918819700000000017e-01
9.951778999999999487e-01
9.952000399999999525e-01
9.934439699999999540e-01
9.911832000000000420e-01
9.892161000000000426e-01
9.878666400000000181e-01
9.871465600000000062e-01
9.868684399999999579e-01
9.866909999999999847e-01
9.863255600000000456e-01
9.858482499999999815e-01
9.858227400000000307e-01
9.862144999999999939e-01
9.876365999999999756e-01
9.899183000000000288e-01
9.926156999999999897e-01
9.951508999999999494e-01
9.971368000000000453e-01
9.984010500000000121e-01
9.988391399999999587e-01
9.981946999999999903e-01
9.957250399999999502e-01
9.898244999999999960e-01
9.783383599999999625e-01
9.607145000000000268e-01
9.406292000000000542e-01
9.248414600000000041e-01
9.186848399999999470e-01
9.233084000000000291e-01
9.361639999999999961e-01
9.528687999999999603e-01
9.690720000000000445e-01
9.816532000000000036e-01
9.892881000000000036e-01
9.923899999999999944e-01
9.924195000000000100e-01
9.910136999999999974e-01
9.893802999999999903e-01
9.881298499999999763e-01
9.874214500000000339e-01
9.871740300000000357e-01
9.871752000000000304e-01
9.872079000000000271e-01
9.873243600000000120e-01
9.879771000000000525e-01
9.896110999999999658e-01
9.921261999999999581e-01
9.949379000000000417e-01
9.973731999999999598e-01
9.989548999999999790e-01
9.995279999999999720e-01
9.991973600000000344e-01
9.981168500000000554e-01
9.962081999999999882e-01
9.928126299999999738e-01
9.863477999999999968e-01
9.745392999999999972e-01
9.565029000000000448e-01
9.360237000000000140e-01
9.207204599999999628e-01
9.163620500000000391e-01
9.233292300000000008e-01
9.381912999999999503e-01
9.559410999999999881e-01
9.723798999999999637e-01
9.847449999999999815e-01
9.921676000000000384e-01
9.950788000000000411e-01
9.948246499999999770e-01
9.929540000000000033e-01
9.907527999999999890e-01
9.889923000000000464e-01
9.879780000000000229e-01
9.877494999999999470e-01
9.881758999999999959e-01
9.889297500000000518e-01
9.896201000000000025e-01
9.901511699999999694e-01
9.908768500000000312e-01
9.921805999999999681e-01
9.940221299999999482e-01
9.960134999999999961e-01
9.977442600000000494e-01
9.989757000000000220e-01
9.996553999999999718e-01
9.998422000000000143e-01
9.995661000000000129e-01
9.986620000000000497e-01
9.965493699999999899e-01
9.919805999999999901e-01
9.828408400000000489e-01
9.673961399999999600e-01
9.476714000000000526e-01
9.302662600000000115e-01
9.219834999999999559e-01
9.249317599999999917e-01
9.366748299999999583e-01
9.530556000000000028e-01
9.695120999999999878e-01
9.825991400000000375e-01
9.907204499999999747e-01
9.941011699999999784e-01
9.941533000000000175e-01
9.925898300000000063e-01
9.907078000000000273e-01
9.890994400000000519e-01
9.878282999999999925e-01
9.867898000000000502e-01
9.858900299999999728e-01
9.851298299999999841e-01
9.847858000000000445e-01
9.854296399999999956e-01
9.874617999999999451e-01
9.905777999999999528e-01
9.938782999999999923e-01
9.966456000000000204e-01
9.985269300000000348e-01
9.994996999999999909e-01
9.996899399999999991e-01
9.992524400000000195e-01
9.982182000000000555e-01
9.963090999999999475e-01
9.925974600000000425e-01
9.852552399999999766e-01
9.723112999999999895e-01
9.541108999999999840e-01
9.355758400000000474e-01
9.233474999999999877e-01
9.211889500000000064e-01
9.285027000000000141e-01
9.419524700000000417e-01
9.574829299999999543e-01
9.717325599999999675e-01
9.825095000000000356e-01
9.889407999999999532e-01
9.914256000000000180e-01
9.911486999999999936e-01
9.894195999999999547e-01
9.872379000000000016e-01
9.853275000000000228e-01
9.840558000000000360e-01
9.834431399999999934e-01
9.833184499999999550e-01
9.836527000000000465e-01
9.847923499999999830e-01
9.870719999999999494e-01
9.903191300000000474e-01
9.939291500000000390e-01
9.969050999999999885e-01
9.989010699999999465e-01
9.998458599999999752e-01
9.999584999999999724e-01
9.995173000000000529e-01
9.986401999999999779e-01
9.970968999999999527e-01
9.940676000000000512e-01
9.879215399999999869e-01
9.766158999999999812e-01
9.594309300000000151e-01
9.395067700000000466e-01
9.237813999999999748e-01
9.185265999999999709e-01
9.251706600000000336e-01
9.402057999999999804e-01
9.583068000000000142e-01
9.745171999999999723e-01
9.859575999999999896e-01
9.920082999999999540e-01
9.937200499999999659e-01
9.928382000000000041e-01
9.909668999999999839e-01
9.891225000000000156e-01
9.877546000000000381e-01
9.869305000000000438e-01
9.864571699999999943e-01
9.859523999999999511e-01
9.851548700000000158e-01
9.844011000000000289e-01
9.845382000000000300e-01
9.861375700000000188e-01
9.890478999999999798e-01
9.923345999999999556e-01
9.953684999999999894e-01
9.976547000000000054e-01
9.990305999999999909e-01
9.995570000000000288e-01
9.992786599999999853e-01
9.978110999999999509e-01
9.938240999999999881e-01
9.847403999999999602e-01
9.681387999999999661e-01
9.454167999999999461e-01
9.239680000000000115e-01
9.124760600000000332e-01
9.145146600000000348e-01
9.278313000000000255e-01
9.466358400000000062e-01
9.654175000000000395e-01
9.801379399999999853e-01
9.890895499999999840e-01
9.926686000000000121e-01
9.925009000000000192e-01
9.904216000000000131e-01
9.878318299999999663e-01
9.855464999999999920e-01
9.838975699999999991e-01
9.828734399999999871e-01
9.822912000000000310e-01
9.820756299999999772e-01
9.825417400000000523e-01
9.842735000000000234e-01
9.874493500000000035e-01
9.913221599999999523e-01
9.944579000000000057e-01
9.970814000000000066e-01
9.987876399999999766e-01
9.996268999999999849e-01
9.997466000000000408e-01
9.992360500000000423e-01
9.979362999999999984e-01
9.950816000000000106e-01
9.888978999999999964e-01
9.769392000000000076e-01
9.583282499999999926e-01
9.367771000000000292e-01
9.197134000000000142e-01
9.131470000000000420e-01
9.184282999999999753e-01
9.329762499999999514e-01
9.519613999999999576e-01
9.702760999999999747e-01
9.842012500000000275e-01
9.922693000000000207e-01
9.951290000000000413e-01
9.945673000000000430e-01
9.924456999999999862e-01
9.900554000000000299e-01
9.879278999999999700e-01
9.860780000000000101e-01
9.843123000000000289e-01
9.825566000000000022e-01
9.811758000000000424e-01
9.810967000000000438e-01
9.831981699999999824e-01
9.872616499999999906e-01
9.920375299999999452e-01
9.960231999999999974e-01
9.985058300000000386e-01
9.995370999999999562e-01
9.994866999999999502e-01
9.987047999999999481e-01
9.972767999999999633e-01
9.947019000000000277e-01
9.895119700000000185e-01
9.792134000000000116e-01
9.619008999999999476e-01
9.400813999999999560e-01
9.216503000000000334e-01
9.140242299999999931e-01
9.189722500000000460e-01
9.332078000000000317e-01
9.514979000000000076e-01
9.690482000000000262e-01
9.825258999999999521e-01
9.907553999999999528e-01
9.941885999999999779e-01
9.942381999999999609e-01
9.924865999999999966e-01
9.901107500000000394e-01
9.877074000000000131e-01
9.854359599999999997e-01
9.834176300000000426e-01
9.818609000000000364e-01
9.809240700000000368e-01
9.808462000000000014e-01
9.820429000000000519e-01
9.847863999999999507e-01
9.885494000000000225e-01
9.924669000000000407e-01
9.957158600000000082e-01
9.979294499999999957e-01
9.991364499999999538e-01
9.995404500000000247e-01
9.992902000000000173e-01
9.982739000000000473e-01
9.958846000000000087e-01
9.906622999999999957e-01
9.805279999999999552e-01
9.642224000000000350e-01
9.443533400000000411e-01
9.275250400000000228e-01
9.198887300000000433e-01
9.233261000000000385e-01
9.360336000000000212e-01
9.527832999999999997e-01
9.693572499999999481e-01
9.813844000000000456e-01
9.897715999999999736e-01
9.938955999999999902e-01
9.945840000000000236e-01
9.932630999999999544e-01
9.911611000000000171e-01
9.889164999999999761e-01
9.866892000000000440e-01
9.845323599999999953e-01
9.826134399999999491e-01
9.812051000000000522e-01
9.807554499999999731e-01
9.819008999999999654e-01
9.849049399999999510e-01
9.890535000000000299e-01
9.931094999999999784e-01
9.965125299999999520e-01
9.984094000000000024e-01
9.992645399999999789e-01
9.992845999999999673e-01
9.985820699999999883e-01
9.970881299999999614e-01
9.943642999999999788e-01
9.901714299999999636e-01
9.822648999999999964e-01
9.688284000000000340e-01
9.504531000000000507e-01
9.315519300000000280e-01
9.186431000000000457e-01
9.160234999999999905e-01
9.238267999999999480e-01
9.388921000000000072e-01
9.567696999999999452e-01
9.728658000000000028e-01
9.846745999999999555e-01
9.914420000000000455e-01
9.939670000000000449e-01
9.937423499999999965e-01
9.921725999999999601e-01
9.901734599999999498e-01
9.881556999999999702e-01
9.862134000000000178e-01
9.843671999999999978e-01
9.827325300000000485e-01
9.816686000000000023e-01
9.818719999999999670e-01
9.839490699999999812e-01
9.877320000000000544e-01
9.920719999999999539e-01
9.957953699999999575e-01
9.982767000000000168e-01
9.994855000000000267e-01
9.996682399999999857e-01
9.990828600000000170e-01
9.977861000000000091e-01
9.953610999999999986e-01
9.905833000000000554e-01
9.812731999999999566e-01
9.652610999999999830e-01
9.429243999999999959e-01
9.194411000000000111e-01
9.026608999999999883e-01
8.976068000000000380e-01
9.045409599999999495e-01
9.198944599999999694e-01
